Condition number = 0.9999999999999999
Ëmax = (104.1082296330091+0.2771175755448151j)  Ëmin = (98.7093586813785+0j)
Ugauss:
[[0.00990196]
 [0.01960782]
 [0.0291205 ]
 [0.03844287]
 [0.04757776]
 [0.05652798]
 [0.06529628]
 [0.07388539]
 [0.08229801]
 [0.09053677]
 [0.09860431]
 [0.1065032 ]
 [0.11423599]
 [0.1218052 ]
 [0.12921332]
 [0.13646277]
 [0.143556  ]
 [0.15049536]
 [0.15728323]
 [0.16392191]
 [0.1704137 ]
 [0.17676086]
 [0.1829656 ]
 [0.18903014]
 [0.19495664]
 [0.20074723]
 [0.20640403]
 [0.21192913]
 [0.21732456]
 [0.22259237]
 [0.22773454]
 [0.23275306]
 [0.23764986]
 [0.24242686]
 [0.24708596]
 [0.25162902]
 [0.25605788]
 [0.26037436]
 [0.26458025]
 [0.26867732]
 [0.27266731]
 [0.27655194]
 [0.28033291]
 [0.28401188]
 [0.2875905 ]
 [0.29107041]
 [0.2944532 ]
 [0.29774046]
 [0.30093376]
 [0.30403461]
 [0.30704456]
 [0.30996508]
 [0.31279766]
 [0.31554375]
 [0.31820479]
 [0.3207822 ]
 [0.32327735]
 [0.32569165]
 [0.32802643]
 [0.33028305]
 [0.33246281]
 [0.33456701]
 [0.33659695]
 [0.33855389]
 [0.34043906]
 [0.34225371]
 [0.34399904]
 [0.34567625]
 [0.34728652]
 [0.348831  ]
 [0.35031085]
 [0.35172718]
 [0.35308112]
 [0.35437376]
 [0.35560618]
 [0.35677945]
 [0.35789461]
 [0.35895271]
 [0.35995477]
 [0.36090178]
 [0.36179475]
 [0.36263464]
 [0.36342243]
 [0.36415906]
 [0.36484548]
 [0.36548259]
 [0.36607131]
 [0.36661254]
 [0.36710715]
 [0.36755603]
 [0.36796002]
 [0.36831997]
 [0.36863672]
 [0.36891108]
 [0.36914386]
 [0.36933586]
 [0.36948786]
 [0.369601  ]
 [0.36963872]
 [0.37337244]]
The discrepancy on Gauss:
[[ 0.00000000e+00]
 [ 2.22044605e-16]
 [-4.44089210e-16]
 [-8.88178420e-16]
 [ 0.00000000e+00]
 [ 0.00000000e+00]
 [ 8.88178420e-16]
 [-1.77635684e-15]
 [-1.77635684e-15]
 [ 0.00000000e+00]
 [ 0.00000000e+00]
 [-3.55271368e-15]
 [ 3.55271368e-15]
 [-1.77635684e-15]
 [-1.77635684e-15]
 [ 0.00000000e+00]
 [ 3.55271368e-15]
 [-7.10542736e-15]
 [ 0.00000000e+00]
 [-3.55271368e-15]
 [-3.55271368e-15]
 [ 3.55271368e-15]
 [ 3.55271368e-15]
 [-3.55271368e-15]
 [ 0.00000000e+00]
 [-7.10542736e-15]
 [ 7.10542736e-15]
 [-3.55271368e-15]
 [-3.55271368e-15]
 [ 0.00000000e+00]
 [-7.10542736e-15]
 [ 0.00000000e+00]
 [ 0.00000000e+00]
 [ 0.00000000e+00]
 [ 1.42108547e-14]
 [-7.10542736e-15]
 [ 0.00000000e+00]
 [ 7.10542736e-15]
 [-2.13162821e-14]
 [-7.10542736e-15]
 [ 0.00000000e+00]
 [-1.42108547e-14]
 [-1.42108547e-14]
 [ 1.42108547e-14]
 [ 1.42108547e-14]
 [ 0.00000000e+00]
 [-1.42108547e-14]
 [ 7.10542736e-15]
 [ 2.13162821e-14]
 [-2.13162821e-14]
 [ 7.10542736e-15]
 [-7.10542736e-15]
 [ 7.10542736e-15]
 [ 7.10542736e-15]
 [-2.84217094e-14]
 [ 7.10542736e-15]
 [ 0.00000000e+00]
 [ 1.42108547e-14]
 [ 1.42108547e-14]
 [ 2.84217094e-14]
 [ 1.42108547e-14]
 [-2.13162821e-14]
 [ 7.10542736e-15]
 [-1.42108547e-14]
 [ 0.00000000e+00]
 [ 0.00000000e+00]
 [-2.84217094e-14]
 [ 0.00000000e+00]
 [ 0.00000000e+00]
 [ 2.84217094e-14]
 [-1.42108547e-14]
 [-2.84217094e-14]
 [-2.84217094e-14]
 [ 0.00000000e+00]
 [ 2.84217094e-14]
 [ 2.84217094e-14]
 [-2.84217094e-14]
 [-2.84217094e-14]
 [-2.84217094e-14]
 [-1.42108547e-14]
 [-1.42108547e-14]
 [-1.42108547e-14]
 [-1.42108547e-14]
 [-1.42108547e-14]
 [ 0.00000000e+00]
 [-4.26325641e-14]
 [ 2.84217094e-14]
 [-1.42108547e-14]
 [ 0.00000000e+00]
 [ 2.84217094e-14]
 [-1.42108547e-14]
 [ 0.00000000e+00]
 [ 2.84217094e-14]
 [-1.42108547e-14]
 [ 2.84217094e-14]
 [ 0.00000000e+00]
 [ 2.84217094e-14]
 [ 5.68434189e-14]
 [-4.26325641e-14]
 [-2.84217094e-14]]
Usei:
[[0.00990196]
 [0.01960782]
 [0.0291205 ]
 [0.03844287]
 [0.04757776]
 [0.05652798]
 [0.06529628]
 [0.07388539]
 [0.08229801]
 [0.09053677]
 [0.09860431]
 [0.1065032 ]
 [0.11423599]
 [0.12180521]
 [0.12921332]
 [0.13646277]
 [0.143556  ]
 [0.15049536]
 [0.15728323]
 [0.16392191]
 [0.1704137 ]
 [0.17676086]
 [0.1829656 ]
 [0.18903014]
 [0.19495664]
 [0.20074723]
 [0.20640403]
 [0.21192913]
 [0.21732456]
 [0.22259237]
 [0.22773454]
 [0.23275306]
 [0.23764986]
 [0.24242686]
 [0.24708596]
 [0.25162902]
 [0.25605788]
 [0.26037436]
 [0.26458025]
 [0.26867732]
 [0.27266731]
 [0.27655194]
 [0.28033291]
 [0.28401188]
 [0.2875905 ]
 [0.29107041]
 [0.2944532 ]
 [0.29774046]
 [0.30093376]
 [0.30403461]
 [0.30704456]
 [0.30996508]
 [0.31279766]
 [0.31554375]
 [0.31820479]
 [0.3207822 ]
 [0.32327735]
 [0.32569165]
 [0.32802643]
 [0.33028305]
 [0.33246281]
 [0.33456701]
 [0.33659695]
 [0.33855389]
 [0.34043906]
 [0.34225371]
 [0.34399904]
 [0.34567625]
 [0.34728652]
 [0.348831  ]
 [0.35031085]
 [0.35172718]
 [0.35308112]
 [0.35437376]
 [0.35560618]
 [0.35677945]
 [0.35789461]
 [0.35895271]
 [0.35995477]
 [0.36090178]
 [0.36179475]
 [0.36263464]
 [0.36342243]
 [0.36415906]
 [0.36484548]
 [0.36548259]
 [0.36607131]
 [0.36661254]
 [0.36710715]
 [0.36755603]
 [0.36796002]
 [0.36831997]
 [0.36863672]
 [0.36891108]
 [0.36914386]
 [0.36933586]
 [0.36948786]
 [0.369601  ]
 [0.36963872]
 [0.37337244]]
The discrepancy on Seidel:
[[ 9.02965136e-09]
 [ 1.73178178e-08]
 [ 2.48925938e-08]
 [ 3.17813198e-08]
 [ 3.80105964e-08]
 [ 4.36063088e-08]
 [ 4.85936376e-08]
 [ 5.29970672e-08]
 [ 5.68404133e-08]
 [ 6.01468351e-08]
 [ 6.29388417e-08]
 [ 6.52383161e-08]
 [ 6.70665266e-08]
 [ 6.84441375e-08]
 [ 6.93912288e-08]
 [ 6.99272995e-08]
 [ 7.00712874e-08]
 [ 6.98415903e-08]
 [ 6.92560640e-08]
 [ 6.83320387e-08]
 [ 6.70863258e-08]
 [ 6.55352572e-08]
 [ 6.36946602e-08]
 [ 6.15798825e-08]
 [ 5.92058207e-08]
 [ 5.65868952e-08]
 [ 5.37371108e-08]
 [ 5.06700069e-08]
 [ 4.73987285e-08]
 [ 4.39359802e-08]
 [ 4.02940827e-08]
 [ 3.64849555e-08]
 [ 3.25201270e-08]
 [ 2.84107600e-08]
 [ 2.41676545e-08]
 [ 1.98012202e-08]
 [ 1.53215822e-08]
 [ 1.07384750e-08]
 [ 6.06128481e-09]
 [ 1.29913502e-09]
 [-3.53919916e-09]
 [-8.44525516e-09]
 [-1.34108831e-08]
 [-1.84281674e-08]
 [-2.34895552e-08]
 [-2.85877135e-08]
 [-3.37156081e-08]
 [-3.88664745e-08]
 [-4.40337544e-08]
 [-4.92111951e-08]
 [-5.43927712e-08]
 [-5.95727130e-08]
 [-6.47454357e-08]
 [-6.99056031e-08]
 [-7.50481206e-08]
 [-8.01680926e-08]
 [-8.52608082e-08]
 [-9.03217909e-08]
 [-9.53467492e-08]
 [-1.00331562e-07]
 [-1.05272335e-07]
 [-1.10165338e-07]
 [-1.15006998e-07]
 [-1.19793953e-07]
 [-1.24522956e-07]
 [-1.29190951e-07]
 [-1.33795055e-07]
 [-1.38332481e-07]
 [-1.42800687e-07]
 [-1.47197184e-07]
 [-1.51519657e-07]
 [-1.55765917e-07]
 [-1.59933933e-07]
 [-1.64021785e-07]
 [-1.68027640e-07]
 [-1.71949893e-07]
 [-1.75786923e-07]
 [-1.79537338e-07]
 [-1.83199717e-07]
 [-1.86772922e-07]
 [-1.90255761e-07]
 [-1.93647239e-07]
 [-1.96946417e-07]
 [-2.00152442e-07]
 [-2.03264605e-07]
 [-2.06282223e-07]
 [-2.09204728e-07]
 [-2.12031594e-07]
 [-2.14762451e-07]
 [-2.17396916e-07]
 [-2.19934790e-07]
 [-2.22375832e-07]
 [-2.24719898e-07]
 [-2.26966989e-07]
 [-2.29117106e-07]
 [-2.31170247e-07]
 [-5.88177983e-07]
 [-2.24225005e-07]
 [-5.03093247e-08]
 [ 1.42108547e-14]]